# Title     : TODO
# Objective : TODO
# Created by: ferhat
# Created on: 13.04.2021

data <- c(3.057002, 3.136433, 3.163394, 3.150688, 3.134982, 3.109433, 3.211198, 3.082727, 3.085296, 3.181335, 3.166551, 3.144139, 3.179159, 3.251433, 3.176747, 3.260865, 3.133629, 3.061825, 3.318924, 3.187375, 3.150139, 3.111688, 3.101453, 3.246276, 3.156825, 3.215394, 3.095335, 3.125531, 3.033767, 3.140394, 3.139865, 3.090904, 3.324924, 3.236453, 3.067982, 3.103296, 3.022943, 3.1311, 3.110884, 3.232433, 3.105649, 3.350845, 3.044453, 3.048884, 3.1541, 3.209904, 3.211061, 3.258178, 3.178296, 3.110884, 3.298335, 3.175492, 3.119551, 3.317551, 3.259904, 3.145002, 3.16261, 3.072276, 3.132159, 3.07559, 3.216688, 3.207649, 3.147178, 3.260061, 3.062943, 3.157355, 3.268512, 3.28908, 3.244767, 3.193473, 3.204884, 3.296551, 3.057355, 3.12759, 3.202512, 3.271571, 3.108159, 3.103943, 3.267002, 3.237198, 3.181982, 3.217335, 3.282512, 3.165786, 3.225316, 3.177453, 3.155375, 3.165139, 3.13559, 3.160688, 3.215453, 3.112904, 3.10161, 3.20461, 3.112276, 3.103943, 3.103943, 3.193433, 3.152649, 3.140296, 3.167924, 3.106551, 3.27608, 3.145786, 3.113943, 3.111649, 3.168669, 3.099747, 3.226924, 3.182786, 3.211512, 3.096473, 3.173453, 3.141786, 3.171296, 3.10308, 3.221237, 3.300825, 3.178433, 3.159845, 3.08259, 3.22312, 3.140335, 3.060276, 3.14012, 3.147473, 3.184257, 3.224747, 3.154022, 3.192414, 3.170767, 3.092512, 3.084963, 3.238669, 3.072825, 3.344041, 3.157551, 3.238708, 3.227296, 3.194022, 3.156296, 3.117825, 3.114316, 3.134276, 3.163375, 3.201531, 3.193178, 3.129061, 3.218904, 3.081943, 3.374473, 3.151022, 3.153218, 3.229473, 3.119747, 3.337159, 3.173629, 3.116218, 3.217884, 3.118473, 3.183688, 3.105924, 3.0861, 3.10259, 3.123767, 3.104492, 3.109414, 3.190727, 3.201649, 3.159865, 3.318237, 3.091002, 3.199786, 3.255943, 3.131375, 3.29408, 3.156571, 3.233355, 3.150159, 3.132198, 3.262257, 3.211433, 3.057806, 3.175178, 3.131924, 3.148551, 3.182433, 3.305178, 3.139845, 3.093924, 3.090551, 3.050473, 3.058786, 3.131982, 3.237767, 3.192178, 3.213727, 3.228649, 3.235806, 3.211276, 3.12761, 3.191355, 3.211669, 3.203198, 3.061551, 3.18812, 3.112865, 3.196531, 3.181904, 3.133512, 3.246865, 3.225669, 3.195551, 3.2341, 3.303355, 3.176002, 3.120178, 3.074786, 3.161669, 3.078629, 3.397139, 3.223022, 3.321963, 3.195375, 3.159865, 3.080061, 3.048982, 3.109414, 3.273453, 3.186139, 3.355865, 3.138629, 3.250335, 3.119061, 3.122551, 3.102414, 3.18112, 3.136943, 3.182257, 3.314041, 3.158061, 3.161767, 3.160629, 3.108433, 3.112747, 3.208414, 3.055061, 3.287963, 3.070845, 3.053002, 3.078806, 3.175375, 3.288708, 3.114825, 3.298492, 3.153649, 3.121571, 3.175335, 3.135904, 3.07559, 3.1601, 3.076002, 3.158041, 3.262708, 3.208276, 3.225198, 3.123316, 3.273904, 3.360492, 3.132159, 3.153061, 3.172512, 3.180982, 3.189139, 3.229394, 3.158708, 3.172884, 3.148904, 3.157727, 3.09461, 3.237218, 3.060002, 3.082453, 3.117041, 3.146629, 3.191825, 3.222159, 3.221727, 3.108806, 3.16412, 3.291022, 3.154433, 3.253375, 3.138061, 3.175512, 3.129237, 3.230178, 3.419237, 3.102649, 3.149904, 3.149865, 3.0741, 3.18812, 3.177139, 3.308433, 3.119649, 3.05159, 3.420473, 3.194178, 3.259845, 3.137355, 3.040178, 3.135649, 3.165825, 3.303865, 3.2681, 3.144041, 3.115316, 3.145296, 3.209218, 3.135649, 3.23312, 3.120218, 3.122727, 3.181669, 3.1531, 3.182335, 3.186571, 3.139473, 3.106865, 3.16661, 3.097061, 3.079139, 3.243982, 3.142551, 3.189629, 3.075473, 3.183453, 3.193924, 3.261375, 3.124002, 3.237355, 3.100512, 3.215963, 3.183747, 3.223806, 3.15459, 3.108512, 3.137982, 3.224218, 3.09459, 3.12661, 3.079512, 3.272375, 3.241649, 3.146531, 3.13512, 3.067355, 3.176002, 3.254669, 3.224629, 3.318747, 3.149159, 3.153237, 3.12312, 3.230767, 3.418943, 3.202453, 3.083159, 3.243257, 3.062825, 3.132022, 3.106786, 3.177806, 3.124414, 3.12908, 3.304178, 3.233492, 3.315825, 3.110865, 3.158433, 3.102963, 3.099727, 3.132335, 3.156747, 3.125022, 3.16912, 3.145924, 3.118198, 3.092806, 3.283786, 3.171316, 3.252433, 3.0681, 3.124257, 3.035845, 3.292904, 3.144453, 3.1091, 3.09708, 3.111041, 3.183943, 3.107786, 3.223375, 3.310218, 3.120884, 3.245218, 3.169355, 3.16512, 3.178473, 3.315649, 3.139414, 3.231806, 3.178237, 3.184002, 3.206727, 3.101355, 3.045629, 3.134571, 3.23961, 3.243473, 3.228237, 3.232061, 3.168022, 3.205218, 3.214375, 3.063669, 3.110296, 3.102316, 3.074963, 3.226139, 3.171806, 3.187727, 3.15008, 3.299473, 3.189649, 3.139237, 3.221316, 3.170218, 3.095786, 3.212688, 3.25712, 3.097708, 3.161825, 3.160041, 3.349316, 3.127198, 3.12908, 3.25159, 3.097355, 3.212747, 3.104453, 3.212571, 3.086767, 3.098669, 3.113296, 3.262924, 3.16108, 3.218512, 3.081296, 3.131943, 3.090257, 3.115041, 3.233786, 3.164022, 3.072159, 3.245276, 3.108414, 3.118139, 3.182669, 3.098865, 3.247159, 3.128786, 3.297375, 3.193669, 3.239982, 3.130316, 3.152296, 3.212178, 3.246786, 3.189571, 3.109629, 3.144198, 3.250394, 3.157571, 3.056002, 3.054924, 3.154041, 3.248708, 3.128159, 3.203982, 3.181414, 3.152375, 3.185825, 3.270884, 3.094178, 3.188649, 3.176982, 3.170296, 3.083375, 3.293453, 3.115786, 3.047335, 3.1521, 3.151825, 3.065825, 3.171904, 3.160237, 3.126218, 3.278845, 3.187355, 3.1901, 3.095218, 3.250022, 3.369198, 3.08759, 3.336767, 3.073747, 3.183414, 3.3241, 3.1811, 3.103355, 3.310747, 3.156257, 3.278218, 3.164512, 3.154022, 3.264512, 3.112335, 3.065649, 3.120884, 3.085825, 3.093453, 3.137394, 3.16912, 3.173473, 3.177375, 3.108022, 3.124022, 3.086002, 3.205786, 3.329884, 3.143218, 3.126375, 3.209904, 3.174943, 3.05108, 3.201159, 3.267159, 3.262727, 3.295041, 3.098727, 3.118159, 3.099806, 3.175139, 3.256296, 3.298767, 3.259688, 3.205865, 3.172414, 3.156806, 3.131041, 3.147571, 3.099571, 3.212394, 3.084708, 3.098767, 3.233865, 3.109649, 3.186433, 3.087473, 3.085688, 3.074414, 3.154767, 3.285335, 3.059747, 3.291061, 3.101218, 3.210943, 3.118669, 3.115669, 3.14659, 3.160492, 3.156414, 3.350257, 3.219061, 3.25012, 3.184551, 3.0691, 3.095943, 3.160335, 3.094433, 3.132845, 3.122178, 3.076531, 3.197355, 3.149943, 3.286943, 3.161198, 3.121982, 3.155747, 3.08112, 3.154982, 3.092061, 3.187865, 3.099982, 3.133237, 3.067512, 3.204924, 3.187335, 3.059473, 3.277237, 3.094865, 3.1311, 3.191041, 3.079688, 3.089943, 3.167473, 3.093257, 3.208629, 3.095845, 3.143551, 3.094218, 3.130139, 3.121178, 3.234512, 3.161453, 3.359982, 3.245002, 3.129531, 3.24359, 3.146355, 3.086767, 3.112276, 3.101688, 3.054276, 3.159727, 3.074688, 3.056375, 3.177453, 3.085531, 3.288159, 3.221767, 3.225551, 3.10512, 3.051747, 3.227669, 3.104414, 3.1331, 3.070492, 3.097531, 3.09408, 3.237218, 3.103649, 3.262002, 3.084747, 3.170178, 3.146963, 3.071531, 3.155002, 3.317924, 3.166904, 3.180669, 3.243355, 3.163963, 3.282414, 3.104512, 3.120649, 3.117433, 3.300296, 3.217571, 3.179767, 3.227316, 3.191571, 3.123708, 3.137865, 3.276394, 3.328963, 3.110845, 3.270747, 3.073041, 3.194943, 3.14059, 3.121669, 3.160708, 3.198022, 3.081022, 3.316316, 3.277963, 3.331512, 3.120276, 3.210512, 3.307198, 3.123473, 3.118649, 3.124178, 3.086512, 3.236453, 3.143512, 3.155355, 3.091139, 3.112531, 3.128688, 3.233394, 3.172943, 3.158924, 3.251982, 3.189747, 3.063512, 3.1801, 3.114982, 3.123414, 3.204355, 3.248531, 3.421727, 3.254727, 3.189041, 3.125022, 3.1961, 3.133433, 3.130786, 3.1261, 3.124767, 3.131924, 3.288178, 3.197982, 3.133806, 3.177512, 3.296492, 3.103512, 3.134825, 3.150708, 3.30412, 3.176806, 3.094629, 3.053551, 3.175022, 3.064649, 3.128276, 3.190355, 3.144806, 3.234531, 3.256884, 3.066963, 3.115296, 3.110669, 3.189571, 3.156825, 3.152571, 3.3281, 3.219963, 3.26559, 3.177512, 3.203257, 3.092845, 3.190139, 3.362022, 3.112316, 3.220845, 3.303884, 3.204531, 3.204865, 3.174845, 3.082394, 3.17861, 3.12961, 3.145943, 3.142982, 3.166355, 3.123276, 3.211061, 3.093316, 3.2391, 3.195943, 3.236708, 3.256355, 3.254061, 3.160649, 3.231531, 3.118531, 3.102257, 3.09159, 3.304649, 3.216571, 3.256139, 3.182257, 3.094786, 3.173884, 3.084845, 3.079061, 3.128669, 3.325688, 3.098708, 3.264237, 3.255669, 3.149257, 3.189061, 3.101649, 3.055198, 3.170649, 